M1:6x7
-2 4.5 1 5 -9 64 3
1 0 -23 4 5 1 2
8 2.5 3 7 41 2 5
1 0 -2 1 5 9 2
0 23 -4 5.1 2 -5 6
8 5 7 2 2 1 9
M2:4x4
10 234 5 0
6.14 2 -40 4
1 2 -2 7
-19 2 5 5
M3:2x8
2 44 17 89 82.9 5 9 1
1 0 9 85 4 -21 4 5
M4:5x6
1 4 55 2.9 51 -4
98 2 44 71 -29.1 3
3 -3 21 56 90 22
5.5 5.1 2 35 60 79
43 23 233 5 12 5
M5:6x6
710 235 11 333 2 5
12 321 52 33 1 19
32 4 -5 -9 2 4
44 213 23 -29.8 45 3
11 -2 331 51 235.2 5
1 65 -32 15 5 0
M6:4x4
0 0 0 0
0 0 0 0
0 0 0 0
0 0 0 0
M7:4x5
41 9 32 -51 56.4
1 0 0 3 0
0 87 -213 4 5
123 0.6 -21 3 5
M8:2x3
1 1 -1
1 0 1
M9:3x4
2 2 3 4
1 1 7 4
0 0 3 5
M10:4x5
2 3 5 10.5 0
3 5 32 10.745 6
337 1 42 0 0.5
2 3 5 10.5 0
M11:4x4
1 1 0 1
1 1 1 0
2 0 2 1
1 1 2 3
M12:4x4
10 2 5 0
6 2 -4 4
1 2 -2 7
-1 2 5 5